+13095160034
+15392024759
+15828522452
+15828522492
+15828522511
+15828523367
+15828523384
+15828523487
+15828523501
+15828523515
+15828523519
+18042152260
+18162952501
+18165129413
+18165129424
+18165129431
+18165129439
+18165129452
+18165129594
+18165129616
+18165129617
+18165129655
+18165129693
+18165129711
+18165129788
+18165129841
+18165129853
+18165129879
+18165129893
+18165129905
+18165129936
+18165129937
+18165129939
+18165129942
+18165129943
+18165129948
+18165129949
+18165129952
+18165129968
+18165129972
+18165129973
+18165129975
+18165129976
+18165129979
+18165129982
+18165129983
+18165129985
+18166487797
+18166487813